0 0.366797 0.015278 0.026302 0.029630
0 0.370573 0.059491 0.028646 0.044907
0 0.373047 0.118519 0.029948 0.045370
0 0.370443 0.196759 0.036198 0.060185
0 0.370443 0.267593 0.029427 0.044444
0 0.366667 0.330093 0.037500 0.066667
0 0.371615 0.394676 0.037500 0.048611
0 0.539193 0.537731 0.038802 0.019907
0 0.534896 0.578241 0.046875 0.043519
0 0.532422 0.656481 0.054948 0.067593
0 0.575521 0.541667 0.023958 0.023148
0 0.577995 0.628009 0.023698 0.123611
0 0.613672 0.621991 0.042969 0.043056
0 0.595964 0.665741 0.014323 0.043519
