0 0.377344 0.053472 0.025521 0.039352
0 0.379167 0.098611 0.025000 0.037037
0 0.382292 0.153704 0.031250 0.050926
0 0.379297 0.225694 0.032031 0.057870
0 0.377995 0.296065 0.030469 0.039352
0 0.376563 0.352778 0.033854 0.060185
0 0.381120 0.412731 0.035156 0.043056
0 0.535417 0.551157 0.030729 0.018981
0 0.531641 0.590278 0.045052 0.032407
0 0.529818 0.656019 0.055469 0.068519
0 0.569922 0.549769 0.017969 0.031019
0 0.573047 0.631019 0.023698 0.112037
0 0.606771 0.624769 0.043750 0.045833
0 0.588542 0.668519 0.015104 0.040741
