0 0.534766 0.547685 0.029948 0.023148
0 0.565495 0.543981 0.016927 0.032407
0 0.566146 0.619907 0.023958 0.105556
0 0.595443 0.610185 0.032552 0.037037
0 0.581250 0.649769 0.012500 0.038426
0 0.529297 0.641667 0.047656 0.059259
0 0.531120 0.580093 0.038802 0.033333
0 0.397396 0.422917 0.033854 0.043056
0 0.390495 0.371991 0.026302 0.044907
0 0.394922 0.320602 0.024219 0.039352
0 0.393490 0.256481 0.028646 0.047222
0 0.397266 0.190046 0.023698 0.053241
0 0.392969 0.143519 0.020833 0.032407
0 0.389844 0.102083 0.022396 0.039352
0 0.389844 0.031481 0.027604 0.060185
