0 0.392969 0.026157 0.025521 0.044907
0 0.391797 0.063194 0.023177 0.029167
0 0.392839 0.121991 0.022135 0.035648
0 0.396745 0.162269 0.024740 0.032870
0 0.399089 0.208333 0.026823 0.041667
0 0.396745 0.269907 0.028906 0.046296
0 0.396745 0.329167 0.024740 0.036111
0 0.393620 0.378241 0.027865 0.046296
0 0.396745 0.428704 0.028906 0.037963
0 0.533594 0.549769 0.028646 0.016204
0 0.529297 0.578704 0.039844 0.032407
0 0.527995 0.640046 0.046094 0.053241
0 0.562370 0.545370 0.017448 0.027778
0 0.564323 0.620139 0.021875 0.099537
0 0.593490 0.615741 0.036458 0.032407
0 0.579948 0.651157 0.008854 0.029167
