0 0.402474 0.014583 0.016927 0.021759
0 0.404297 0.065741 0.026823 0.050926
0 0.402344 0.106481 0.016146 0.023148
0 0.405469 0.152778 0.019271 0.037037
0 0.409115 0.190741 0.018229 0.027778
0 0.409896 0.236343 0.021354 0.031019
0 0.406120 0.292593 0.025781 0.032407
0 0.406120 0.343519 0.026302 0.033333
0 0.404818 0.389583 0.026302 0.049537
0 0.407292 0.440278 0.028125 0.037963
0 0.534375 0.543519 0.028125 0.019444
0 0.527995 0.575231 0.035156 0.030093
0 0.527474 0.632870 0.038802 0.043519
0 0.559245 0.543519 0.012240 0.025926
0 0.560547 0.609954 0.020573 0.090278
0 0.587370 0.598843 0.032552 0.029167
0 0.577214 0.633565 0.009115 0.035648
