0 0.532292 0.547917 0.025521 0.018981
0 0.525521 0.577083 0.038542 0.031944
0 0.525391 0.634954 0.042969 0.048611
0 0.557422 0.550694 0.014323 0.030093
0 0.559766 0.615741 0.020052 0.091667
0 0.586068 0.609954 0.033073 0.030093
0 0.573438 0.643519 0.009896 0.034259
0 0.401172 0.023843 0.017448 0.030093
0 0.402995 0.071296 0.025781 0.046296
0 0.402995 0.112269 0.015365 0.023611
0 0.403516 0.164352 0.016406 0.037037
0 0.407943 0.201157 0.019010 0.030093
0 0.411719 0.241667 0.024479 0.043519
0 0.405990 0.296296 0.023438 0.038889
0 0.409766 0.350231 0.021094 0.031019
0 0.405339 0.395370 0.026823 0.041667
0 0.409115 0.439120 0.030208 0.036574
