0 0.401693 0.028472 0.016927 0.027315
0 0.404167 0.074769 0.020313 0.047685
0 0.403646 0.115046 0.015104 0.022685
0 0.404818 0.161343 0.020573 0.031944
0 0.407292 0.201620 0.015625 0.024537
0 0.408073 0.240741 0.019271 0.036111
0 0.406120 0.296991 0.023698 0.034722
0 0.408724 0.350694 0.023698 0.031944
0 0.405339 0.396991 0.022656 0.043056
0 0.409245 0.444444 0.027865 0.033333
0 0.530990 0.549306 0.028125 0.017130
0 0.525521 0.577778 0.036458 0.030556
0 0.525521 0.635880 0.041667 0.045833
0 0.558594 0.545833 0.013542 0.025926
0 0.558594 0.615741 0.019271 0.087037
0 0.584245 0.606481 0.029948 0.029630
0 0.573047 0.641667 0.010156 0.025926
0 0.402344 0.825694 0.013021 0.022685
