0 0.403125 0.029630 0.018750 0.028704
0 0.404297 0.079167 0.021094 0.050000
0 0.402344 0.118056 0.015104 0.023148
0 0.403646 0.162269 0.016667 0.029167
0 0.407943 0.203935 0.016406 0.023611
0 0.408594 0.242593 0.021875 0.037963
0 0.407292 0.300694 0.021875 0.032870
0 0.407422 0.350694 0.020573 0.032870
0 0.402995 0.396991 0.026302 0.041204
0 0.411068 0.444444 0.025260 0.037037
0 0.530469 0.548843 0.025000 0.015278
0 0.527344 0.576852 0.032292 0.026852
0 0.555599 0.545370 0.013802 0.023148
0 0.558594 0.612269 0.015625 0.089352
0 0.582422 0.607639 0.032552 0.027315
0 0.569271 0.641204 0.012500 0.027778
0 0.526172 0.635880 0.038281 0.043056
0 0.404818 0.821528 0.011719 0.025463
