0 0.404297 0.822454 0.011719 0.018981
0 0.402344 0.027546 0.015625 0.020833
0 0.404167 0.074769 0.021875 0.044907
0 0.401823 0.112731 0.012500 0.018981
0 0.406120 0.179398 0.020573 0.061574
0 0.408594 0.242130 0.022396 0.031481
0 0.406641 0.295602 0.023177 0.038426
0 0.406771 0.347454 0.022396 0.031944
0 0.404297 0.394907 0.026302 0.040741
0 0.407943 0.439583 0.024740 0.035648
0 0.529167 0.546528 0.025000 0.012500
0 0.525521 0.572454 0.034896 0.031019
0 0.524740 0.627083 0.037500 0.048611
0 0.555469 0.543519 0.014063 0.017593
0 0.558464 0.609259 0.016406 0.087963
0 0.582292 0.606019 0.029687 0.033333
0 0.570443 0.637269 0.008594 0.024537
