0 0.403646 0.030093 0.019271 0.023148
0 0.406120 0.075694 0.019531 0.043056
0 0.403646 0.111343 0.011458 0.020833
0 0.404818 0.164815 0.017448 0.038889
0 0.408464 0.198611 0.015365 0.025000
0 0.409896 0.239583 0.018750 0.035648
0 0.407943 0.296528 0.024219 0.035648
0 0.408464 0.348843 0.019531 0.030093
0 0.405990 0.392593 0.023438 0.041667
0 0.409245 0.437269 0.027344 0.037500
0 0.531120 0.543519 0.025260 0.015741
0 0.524219 0.569444 0.034375 0.031481
0 0.524219 0.628241 0.040104 0.045370
0 0.555339 0.543519 0.012760 0.020370
0 0.556641 0.606019 0.018490 0.086111
0 0.580599 0.602778 0.029427 0.026852
0 0.570443 0.630093 0.013802 0.032407
