0 0.406641 0.031019 0.017969 0.023148
0 0.409896 0.078241 0.018750 0.043519
0 0.405990 0.114120 0.012500 0.022685
0 0.406771 0.163194 0.014583 0.033796
0 0.411198 0.200231 0.015625 0.022685
0 0.411719 0.240278 0.019792 0.037037
0 0.411068 0.296991 0.020573 0.042130
0 0.412240 0.349306 0.017708 0.032870
0 0.409896 0.393519 0.021875 0.045370
0 0.412370 0.437269 0.026302 0.035648
0 0.531120 0.543056 0.023698 0.014815
0 0.526823 0.572917 0.031250 0.030093
0 0.526823 0.630556 0.038021 0.040741
0 0.557813 0.546991 0.010937 0.017130
0 0.557292 0.607407 0.015625 0.089815
0 0.581641 0.604630 0.035156 0.027778
0 0.571094 0.635417 0.015625 0.031019
