0 0.405339 0.032407 0.015365 0.023148
0 0.408594 0.078472 0.020833 0.047685
0 0.406120 0.119444 0.010156 0.024074
0 0.408594 0.166204 0.017708 0.029630
0 0.411719 0.203704 0.014583 0.024074
0 0.414323 0.243519 0.018229 0.032407
0 0.411719 0.298380 0.018750 0.035648
0 0.411719 0.347917 0.021354 0.032870
0 0.408594 0.393056 0.021354 0.044444
0 0.412370 0.440741 0.028906 0.031481
0 0.531120 0.545602 0.023177 0.016204
0 0.527865 0.570833 0.034375 0.029630
0 0.527344 0.629630 0.038542 0.046296
0 0.555990 0.544444 0.012500 0.017593
0 0.557943 0.609028 0.017448 0.088426
0 0.582292 0.602546 0.031250 0.027315
0 0.570573 0.631019 0.011979 0.030556
0 0.407813 0.816667 0.011979 0.021296
