0 0.404948 0.034028 0.016146 0.021759
0 0.407422 0.080093 0.020573 0.040741
0 0.407422 0.119676 0.014844 0.024537
0 0.408724 0.181944 0.020573 0.067593
0 0.411198 0.243981 0.018750 0.029630
0 0.409115 0.299769 0.023438 0.039352
0 0.409896 0.349769 0.020833 0.028241
0 0.408464 0.397222 0.022135 0.037037
0 0.413672 0.440741 0.026302 0.032407
0 0.528646 0.547917 0.028646 0.015278
0 0.526693 0.575926 0.033073 0.024074
0 0.527344 0.629630 0.038021 0.046296
0 0.556120 0.547454 0.008594 0.015278
0 0.557813 0.607176 0.016667 0.087500
0 0.581771 0.605556 0.030729 0.027778
0 0.569922 0.633565 0.011719 0.025463
