0 0.404948 0.029167 0.018750 0.025000
0 0.406771 0.073843 0.020833 0.044907
0 0.405339 0.115741 0.011198 0.017593
0 0.405469 0.164583 0.017188 0.033796
0 0.409245 0.201157 0.014323 0.021759
0 0.411068 0.239583 0.020573 0.036574
0 0.408724 0.296296 0.023177 0.036111
0 0.411068 0.349769 0.020573 0.033796
0 0.407292 0.390509 0.022917 0.039352
0 0.409896 0.434722 0.028125 0.037037
0 0.531641 0.540278 0.024219 0.017593
0 0.525391 0.570139 0.032552 0.026389
0 0.525000 0.624769 0.040625 0.043056
0 0.556771 0.541667 0.011979 0.018519
0 0.556120 0.606019 0.017448 0.091667
0 0.580990 0.602546 0.031250 0.028241
0 0.570443 0.629630 0.011198 0.031481
