0 0.405469 0.025231 0.015625 0.024537
0 0.407422 0.071991 0.019531 0.044907
0 0.404948 0.110880 0.012500 0.021759
0 0.407292 0.156019 0.014583 0.034259
0 0.409896 0.194907 0.016667 0.030556
0 0.411068 0.236806 0.020052 0.031944
0 0.409245 0.291204 0.021094 0.036111
0 0.409766 0.343519 0.020052 0.031481
0 0.407943 0.387731 0.023698 0.043056
0 0.409245 0.433565 0.026302 0.039352
0 0.529818 0.537269 0.024740 0.014352
0 0.526042 0.564583 0.032813 0.032870
0 0.527344 0.623843 0.038021 0.043056
0 0.556120 0.541204 0.010677 0.019444
0 0.556641 0.599769 0.017448 0.090278
0 0.582292 0.599306 0.031250 0.024537
0 0.569922 0.625231 0.013802 0.029167
