0 0.406641 0.026157 0.019531 0.021759
0 0.408073 0.071296 0.022396 0.050000
0 0.406120 0.110417 0.014844 0.019907
0 0.407943 0.160880 0.016927 0.020833
0 0.410417 0.194444 0.018750 0.027778
0 0.413672 0.235880 0.020573 0.034722
0 0.409896 0.293056 0.022917 0.035185
0 0.410417 0.343056 0.021875 0.033333
0 0.407943 0.386343 0.024740 0.043981
0 0.412370 0.431944 0.026302 0.037037
0 0.531250 0.537269 0.028125 0.021759
0 0.525521 0.567593 0.030729 0.025926
0 0.525521 0.624769 0.038542 0.046759
0 0.557422 0.540278 0.011719 0.020370
0 0.558464 0.601157 0.017448 0.093056
0 0.585547 0.599769 0.030469 0.030093
0 0.570443 0.629167 0.010156 0.023148
