0 0.402995 0.021991 0.019531 0.025463
0 0.405469 0.068981 0.019792 0.042593
0 0.403516 0.106019 0.010677 0.017593
0 0.404297 0.156019 0.016927 0.032407
0 0.407813 0.193981 0.015625 0.026852
0 0.411068 0.237269 0.019531 0.039352
0 0.404818 0.288194 0.023698 0.039352
0 0.407422 0.343519 0.023177 0.033333
0 0.403646 0.389120 0.028646 0.043981
0 0.409375 0.434954 0.025000 0.034722
0 0.531120 0.543056 0.026302 0.017593
0 0.526693 0.571296 0.033073 0.028704
0 0.527214 0.626852 0.037760 0.050926
0 0.556771 0.543056 0.011458 0.019444
0 0.557943 0.607639 0.017448 0.089352
0 0.582943 0.603704 0.032552 0.021296
