0 0.398047 0.031713 0.026302 0.049537
0 0.396745 0.072917 0.017969 0.030093
0 0.397396 0.125463 0.020833 0.037963
0 0.400000 0.168056 0.021875 0.031481
0 0.403646 0.212269 0.025521 0.044907
0 0.399870 0.269907 0.028906 0.046296
0 0.401823 0.330093 0.021875 0.040741
0 0.399219 0.378009 0.027604 0.047685
0 0.402995 0.425694 0.026823 0.031019
0 0.534245 0.542130 0.027344 0.022222
0 0.527344 0.573380 0.036458 0.033796
0 0.529297 0.633102 0.039844 0.053241
0 0.562240 0.540046 0.015625 0.026389
0 0.563021 0.608796 0.018750 0.097222
0 0.588542 0.604630 0.034375 0.033333
0 0.577344 0.636806 0.016146 0.046759
