0 0.389844 0.012269 0.022396 0.021759
0 0.388672 0.039815 0.014323 0.024074
0 0.392839 0.116435 0.019531 0.077315
0 0.396094 0.184259 0.023438 0.041667
0 0.393620 0.248843 0.026823 0.043981
0 0.394141 0.309954 0.019531 0.030093
0 0.391146 0.360880 0.027604 0.042130
0 0.396745 0.413657 0.035677 0.042130
0 0.535547 0.539120 0.032031 0.018056
0 0.529167 0.569907 0.036979 0.030556
0 0.530469 0.635880 0.044271 0.052315
0 0.564844 0.538889 0.015625 0.023148
0 0.566667 0.611806 0.021354 0.106019
0 0.596615 0.611343 0.033854 0.027315
0 0.581641 0.643056 0.012240 0.027778
