0 0.384245 0.010880 0.013281 0.017130
0 0.389193 0.088657 0.026302 0.081944
0 0.391146 0.164583 0.026042 0.048611
0 0.388021 0.231019 0.029167 0.048148
0 0.388672 0.293519 0.023698 0.036111
0 0.387370 0.348843 0.026302 0.044907
0 0.391797 0.404167 0.035156 0.046296
0 0.537370 0.534954 0.029948 0.016204
0 0.532292 0.570139 0.042188 0.035648
0 0.531771 0.636806 0.049479 0.055093
0 0.570443 0.534259 0.020573 0.028704
0 0.572266 0.613426 0.023698 0.112963
0 0.599870 0.606019 0.039844 0.037037
0 0.585938 0.642130 0.014583 0.032407
