0 0.380469 0.034259 0.019271 0.036111
0 0.383464 0.079167 0.019010 0.031481
0 0.386068 0.131019 0.024219 0.047222
0 0.383073 0.204630 0.028646 0.043519
0 0.382422 0.270370 0.023698 0.037963
0 0.379297 0.331481 0.033073 0.057407
0 0.386719 0.391667 0.037500 0.051852
0 0.544922 0.533796 0.038281 0.013889
0 0.538021 0.565509 0.044271 0.035648
0 0.534896 0.636343 0.048958 0.057870
0 0.576693 0.526389 0.023698 0.027778
0 0.577995 0.610417 0.023177 0.114352
0 0.608594 0.612269 0.038021 0.030093
0 0.595964 0.641898 0.011719 0.038426
