0 0.359375 0.059954 0.022917 0.048611
0 0.364844 0.109259 0.023438 0.042593
0 0.367448 0.172222 0.031250 0.046296
0 0.363281 0.260880 0.033333 0.049537
0 0.365234 0.343056 0.027865 0.045370
0 0.361719 0.410880 0.031250 0.067130
0 0.363281 0.484954 0.043750 0.053241
0 0.552995 0.652778 0.032552 0.023148
0 0.548438 0.697917 0.046875 0.043981
0 0.546224 0.790972 0.055469 0.061574
0 0.593490 0.653241 0.023438 0.037963
0 0.594010 0.755093 0.028646 0.135185
0 0.634505 0.749769 0.055990 0.053241
0 0.612891 0.790972 0.019531 0.044907
