0 0.359635 0.043750 0.031250 0.067130
0 0.354167 0.103472 0.023958 0.029167
0 0.356380 0.180324 0.022135 0.053241
0 0.360677 0.245833 0.026562 0.037963
0 0.363672 0.310185 0.027344 0.055556
0 0.359375 0.400926 0.035937 0.059259
0 0.359375 0.482407 0.030729 0.041667
0 0.354167 0.556019 0.035937 0.061111
0 0.363021 0.628241 0.044271 0.060185
0 0.559505 0.811111 0.040365 0.023148
0 0.550391 0.855093 0.058594 0.046296
0 0.549479 0.953009 0.063021 0.070833
0 0.600651 0.812500 0.022135 0.037037
0 0.603125 0.914815 0.031250 0.144444
0 0.647526 0.913657 0.063802 0.043056
0 0.625000 0.958102 0.018750 0.043981
