0 0.369141 0.042824 0.053906 0.053241
0 0.352604 0.227778 0.020833 0.037037
0 0.357031 0.325231 0.023438 0.034722
0 0.383724 0.317593 0.022135 0.026852
0 0.573958 0.233796 0.031250 0.074074
0 0.353516 0.401620 0.027865 0.043981
0 0.573568 0.103472 0.021615 0.044907
0 0.356771 0.485417 0.031771 0.063426
0 0.351562 0.560648 0.021354 0.040741
0 0.353125 0.642824 0.023438 0.047685
0 0.360026 0.709954 0.025260 0.043056
0 0.361589 0.784028 0.035156 0.061574
0 0.354167 0.884722 0.039583 0.070370
0 0.354818 0.979167 0.032031 0.041667
