0 0.357031 0.757870 0.052604 0.057407
0 0.363932 0.399074 0.036719 0.047222
0 0.354297 0.331944 0.059115 0.038889
0 0.642448 0.205556 0.031771 0.048148
0 0.540625 0.740972 0.030208 0.068056
0 0.617057 0.742130 0.051823 0.087037
0 0.535547 0.832176 0.030990 0.056019
0 0.531771 0.943750 0.043229 0.102315
0 0.351953 0.918519 0.058073 0.046296
0 0.351172 0.987037 0.049219 0.025926
0 0.587760 0.376389 0.022396 0.031481
0 0.633854 0.372222 0.029687 0.050000
0 0.304167 0.703704 0.038021 0.036111
0 0.626953 0.868519 0.031510 0.048148
