0 0.355729 0.489352 0.053646 0.051852
0 0.347005 0.644676 0.055990 0.046759
0 0.350000 0.726157 0.055208 0.051389
0 0.336458 0.798611 0.056771 0.036111
0 0.333203 0.873843 0.053385 0.073611
0 0.324479 0.943750 0.038021 0.052315
0 0.322396 0.991898 0.030729 0.016204
0 0.361979 0.135880 0.036458 0.043056
0 0.533724 0.473380 0.035677 0.062500
0 0.529557 0.559491 0.035156 0.060648
0 0.531641 0.671296 0.040365 0.104630
0 0.612240 0.477546 0.047396 0.088426
0 0.583594 0.111343 0.025521 0.029167
0 0.352083 0.068519 0.062500 0.030556
0 0.302604 0.438426 0.031250 0.041667
0 0.605990 0.971759 0.031771 0.040741
