0 0.352604 0.307639 0.054688 0.050463
0 0.345833 0.463889 0.050521 0.037963
0 0.345703 0.546296 0.053906 0.048148
0 0.332813 0.613194 0.050000 0.040278
0 0.330469 0.691898 0.046875 0.081944
0 0.324479 0.764120 0.032813 0.053241
0 0.322526 0.834954 0.029427 0.061574
0 0.325391 0.892824 0.034115 0.042130
0 0.328385 0.952778 0.041667 0.065741
0 0.533984 0.296296 0.027865 0.048148
0 0.528385 0.387500 0.027083 0.053704
0 0.525911 0.492361 0.042448 0.100463
0 0.608854 0.300926 0.050000 0.080556
0 0.603516 0.924306 0.023698 0.067130
0 0.602734 0.792593 0.031510 0.026852
