0 0.353385 0.269213 0.055208 0.042130
0 0.345313 0.424306 0.046875 0.043056
0 0.346484 0.507870 0.048698 0.048148
0 0.332031 0.575926 0.048958 0.044444
0 0.327995 0.655093 0.040365 0.079630
0 0.321745 0.724769 0.025260 0.053241
0 0.322917 0.794444 0.031771 0.061111
0 0.325000 0.853935 0.036979 0.052315
0 0.323437 0.916435 0.047396 0.064352
0 0.311458 0.986574 0.050521 0.026852
0 0.533073 0.261111 0.028646 0.060185
0 0.526042 0.454630 0.040104 0.104630
0 0.600260 0.883102 0.030729 0.069907
0 0.602865 0.753241 0.035937 0.034259
0 0.527995 0.346759 0.026302 0.056481
