0 0.525000 0.412963 0.039062 0.112963
0 0.525130 0.303704 0.036198 0.052778
0 0.530599 0.210880 0.027865 0.066204
0 0.352474 0.222454 0.053385 0.052315
0 0.329688 0.380556 0.024479 0.044444
0 0.342578 0.461806 0.050781 0.048611
0 0.329948 0.531713 0.051562 0.043056
0 0.326693 0.608102 0.045052 0.080093
0 0.319661 0.677083 0.032552 0.056019
0 0.319792 0.749537 0.032292 0.059259
0 0.322396 0.803935 0.034375 0.041204
0 0.323958 0.869444 0.039062 0.066667
0 0.314974 0.958565 0.045052 0.060648
0 0.600781 0.838889 0.022917 0.073148
0 0.610938 0.212500 0.033333 0.066667
0 0.600521 0.706250 0.032813 0.034722
