0 0.350130 0.168519 0.055469 0.053704
0 0.340625 0.328472 0.048438 0.043056
0 0.344141 0.412500 0.053906 0.042593
0 0.327734 0.478472 0.054427 0.045833
0 0.327344 0.557639 0.043229 0.076389
0 0.321224 0.627083 0.027344 0.051389
0 0.320052 0.697222 0.033333 0.063889
0 0.320573 0.754630 0.034375 0.051852
0 0.323698 0.818287 0.039062 0.068981
0 0.316406 0.908102 0.054688 0.066204
0 0.313542 0.981713 0.039062 0.036574
0 0.531510 0.161806 0.033333 0.048611
0 0.525000 0.250463 0.031771 0.050000
0 0.523958 0.356481 0.043750 0.097222
0 0.612760 0.159954 0.036458 0.067130
0 0.599479 0.654861 0.036458 0.030093
0 0.600000 0.785880 0.023438 0.077315
0 0.393359 0.547222 0.026302 0.042593
0 0.509245 0.544676 0.025260 0.056944
