0 0.349349 0.109028 0.056510 0.050463
0 0.345443 0.269213 0.054427 0.050463
0 0.343229 0.351389 0.056771 0.041667
0 0.328385 0.420602 0.054167 0.042130
0 0.328255 0.496296 0.042448 0.077778
0 0.319661 0.562500 0.024219 0.054630
0 0.320312 0.637269 0.029687 0.061574
0 0.324349 0.693981 0.027865 0.051852
0 0.323177 0.756481 0.045312 0.068519
0 0.313932 0.844907 0.045573 0.064815
0 0.311458 0.929861 0.045312 0.056944
0 0.303776 0.982870 0.041927 0.034259
0 0.303255 0.981944 0.041927 0.034259
0 0.528255 0.098380 0.024740 0.045833
0 0.527734 0.186343 0.024740 0.048611
0 0.523698 0.297917 0.044792 0.099537
0 0.508333 0.486806 0.023438 0.054167
0 0.599219 0.593981 0.033854 0.038889
0 0.597005 0.718981 0.028385 0.098148
0 0.610547 0.097917 0.040885 0.074537
