0 0.609896 0.096991 0.040625 0.074537
0 0.351823 0.100694 0.059896 0.069907
0 0.348047 0.257176 0.053906 0.051389
0 0.347005 0.341667 0.056510 0.048148
0 0.330078 0.408333 0.066406 0.047222
0 0.333203 0.488426 0.046094 0.081481
0 0.325260 0.556019 0.022396 0.055556
0 0.321484 0.623148 0.029427 0.062963
0 0.325781 0.680324 0.028125 0.050463
0 0.326432 0.742824 0.046615 0.070833
0 0.317318 0.834259 0.049740 0.070370
0 0.312760 0.917593 0.038542 0.062963
0 0.306380 0.973380 0.047135 0.053241
0 0.510286 0.474769 0.021615 0.055093
0 0.530599 0.085648 0.027865 0.045370
0 0.528255 0.176852 0.027865 0.055556
0 0.528125 0.286574 0.038542 0.096296
0 0.600391 0.584259 0.037760 0.027778
0 0.604688 0.710417 0.017708 0.078241
0 0.585026 0.954398 0.016927 0.036574
