0 0.354167 0.089120 0.056771 0.046759
0 0.534115 0.078472 0.023438 0.045833
0 0.610807 0.077315 0.045052 0.073148
0 0.345703 0.246759 0.052344 0.050000
0 0.348307 0.331250 0.056510 0.048611
0 0.334245 0.398843 0.053385 0.041204
0 0.332161 0.474769 0.046615 0.074537
0 0.324479 0.540278 0.024479 0.057407
0 0.326042 0.613194 0.032292 0.065278
0 0.328385 0.668056 0.042708 0.049074
0 0.327604 0.730093 0.051042 0.080556
0 0.318750 0.823380 0.050000 0.065278
0 0.314193 0.902083 0.047135 0.057870
0 0.310417 0.965972 0.040625 0.068056
0 0.527995 0.165972 0.028385 0.054167
0 0.525260 0.276389 0.043229 0.109259
0 0.509766 0.462500 0.025260 0.054630
0 0.599609 0.571991 0.039323 0.025463
0 0.600000 0.699537 0.027604 0.086111
0 0.583984 0.938426 0.016927 0.025926
