0 0.356120 0.099074 0.046094 0.046296
0 0.346615 0.252778 0.045833 0.038889
0 0.350391 0.335880 0.054948 0.047685
0 0.339583 0.403935 0.049479 0.037500
0 0.336458 0.479630 0.040625 0.075926
0 0.325911 0.548611 0.028906 0.057407
0 0.327734 0.619444 0.029427 0.061111
0 0.332422 0.670370 0.036198 0.049074
0 0.327083 0.732407 0.046875 0.066667
0 0.320052 0.824074 0.042708 0.062963
0 0.317969 0.907176 0.044271 0.051389
0 0.311849 0.970602 0.044010 0.058796
0 0.535547 0.086574 0.029948 0.046296
0 0.529818 0.171759 0.025260 0.057407
0 0.527083 0.282870 0.040625 0.098148
0 0.511719 0.468056 0.021875 0.044444
0 0.613411 0.089120 0.042448 0.069907
0 0.600000 0.576852 0.034375 0.032407
0 0.603255 0.700926 0.024740 0.080556
