0 0.356641 0.103472 0.050260 0.058796
0 0.346484 0.259028 0.041927 0.039352
0 0.349219 0.339352 0.054167 0.042593
0 0.336849 0.410648 0.051302 0.042593
0 0.338542 0.484028 0.042708 0.070833
0 0.330078 0.548148 0.020573 0.060185
0 0.327995 0.618287 0.028385 0.061574
0 0.331510 0.674074 0.032813 0.048148
0 0.330990 0.737500 0.042188 0.062963
0 0.323568 0.826620 0.047656 0.065278
0 0.320443 0.907407 0.043490 0.050926
0 0.313021 0.969213 0.047396 0.061574
0 0.535807 0.089815 0.032031 0.053704
0 0.532292 0.180324 0.027083 0.043056
0 0.528385 0.289352 0.041667 0.094444
0 0.510156 0.471065 0.029687 0.071759
0 0.600260 0.576852 0.038021 0.034259
0 0.602214 0.699074 0.023177 0.084259
0 0.613802 0.096065 0.036979 0.082870
