0 0.357682 0.105787 0.053906 0.046759
0 0.350781 0.259954 0.048438 0.043056
0 0.352214 0.341435 0.050260 0.051389
0 0.337109 0.406250 0.053385 0.038426
0 0.336198 0.482870 0.045312 0.069444
0 0.330990 0.547222 0.019792 0.054630
0 0.329036 0.616667 0.029427 0.060185
0 0.334766 0.671991 0.032031 0.045833
0 0.334505 0.734954 0.034115 0.068056
0 0.322526 0.819444 0.043490 0.067593
0 0.320443 0.903009 0.040885 0.054167
0 0.314583 0.968056 0.043229 0.063889
0 0.536589 0.091204 0.024219 0.050926
0 0.531771 0.182870 0.021354 0.042593
0 0.531510 0.287269 0.038021 0.098611
0 0.510417 0.472917 0.025521 0.053241
0 0.614062 0.094213 0.039583 0.066204
0 0.602474 0.577546 0.033073 0.033796
0 0.601693 0.703241 0.025781 0.075000
0 0.586328 0.939583 0.016927 0.031944
