0 0.357812 0.108565 0.058333 0.040278
0 0.348698 0.262269 0.048438 0.041204
0 0.351172 0.342824 0.052865 0.045833
0 0.339844 0.407407 0.050000 0.038889
0 0.336719 0.483333 0.042708 0.075000
0 0.330469 0.547917 0.023958 0.052315
0 0.328906 0.621296 0.029687 0.059259
0 0.332552 0.671296 0.031771 0.042593
0 0.333333 0.731944 0.048958 0.067593
0 0.323568 0.822685 0.045052 0.061111
0 0.321224 0.903241 0.036719 0.054630
0 0.314323 0.968519 0.047396 0.062963
0 0.533203 0.098611 0.026823 0.046296
0 0.609505 0.101157 0.041406 0.071759
0 0.529557 0.189120 0.021615 0.046759
0 0.527344 0.290509 0.036458 0.096759
0 0.510286 0.473380 0.023698 0.051389
0 0.597526 0.577546 0.036198 0.035648
0 0.598828 0.703935 0.026302 0.073611
0 0.584896 0.940741 0.021354 0.023148
