0 0.357943 0.109259 0.056510 0.050000
0 0.352474 0.263657 0.050781 0.042130
0 0.352214 0.345602 0.051302 0.042130
0 0.338542 0.408102 0.058854 0.043981
0 0.336068 0.485417 0.044010 0.073611
0 0.329948 0.551157 0.024479 0.054167
0 0.330599 0.618519 0.028385 0.056481
0 0.329688 0.672685 0.034896 0.051852
0 0.335026 0.735880 0.037760 0.066204
0 0.321875 0.825926 0.048438 0.062037
0 0.320703 0.903935 0.040365 0.056944
0 0.316406 0.970139 0.041146 0.059722
0 0.536198 0.101389 0.023438 0.034259
0 0.610286 0.096759 0.040885 0.072222
0 0.531380 0.187500 0.021094 0.046296
0 0.529948 0.296759 0.040625 0.100000
0 0.510547 0.477778 0.023177 0.050926
0 0.602083 0.700926 0.022396 0.075926
0 0.597266 0.585185 0.032552 0.022222
0 0.583464 0.942593 0.017448 0.031481
