0 0.366276 0.126620 0.048698 0.051389
0 0.356120 0.275926 0.042448 0.034259
0 0.360938 0.355556 0.053646 0.037963
0 0.347135 0.416667 0.047917 0.037037
0 0.345313 0.487037 0.036979 0.069444
0 0.339193 0.551620 0.020052 0.050463
0 0.338802 0.620139 0.030729 0.056019
0 0.341276 0.668981 0.030990 0.050000
0 0.337370 0.730556 0.042969 0.062037
0 0.332031 0.816898 0.043750 0.062500
0 0.327865 0.891898 0.040104 0.052315
0 0.324609 0.960417 0.040885 0.068981
0 0.534505 0.115741 0.027344 0.044444
0 0.530339 0.202083 0.018490 0.043056
0 0.526953 0.303009 0.036198 0.095833
0 0.512370 0.476620 0.011719 0.034722
0 0.605599 0.121528 0.036198 0.068981
0 0.595182 0.583102 0.034635 0.024537
0 0.598568 0.698380 0.021615 0.077315
0 0.580859 0.929167 0.014844 0.027778
