0 0.381120 0.181019 0.049740 0.046296
0 0.371615 0.310648 0.040104 0.037037
0 0.375781 0.382870 0.043750 0.034259
0 0.365885 0.438194 0.043229 0.034722
0 0.363672 0.498380 0.033594 0.065278
0 0.357422 0.556944 0.020052 0.048148
0 0.357031 0.618519 0.030208 0.050926
0 0.360026 0.662963 0.026302 0.045370
0 0.358594 0.714352 0.035417 0.060185
0 0.350651 0.793519 0.040885 0.051852
0 0.351172 0.864583 0.034115 0.042130
0 0.347656 0.922917 0.043229 0.065278
0 0.347526 0.977083 0.044010 0.045833
0 0.532682 0.167361 0.021094 0.041204
0 0.527734 0.244676 0.020052 0.041204
0 0.526432 0.336574 0.034115 0.079630
0 0.512760 0.489583 0.018750 0.027315
0 0.595573 0.172685 0.038021 0.063889
0 0.588021 0.584259 0.029687 0.030556
0 0.588411 0.687269 0.020573 0.073611
0 0.572396 0.892361 0.013542 0.026389
