0 0.388151 0.209954 0.044010 0.039352
0 0.380078 0.334028 0.033073 0.036574
0 0.383333 0.399306 0.040104 0.036574
0 0.373698 0.450000 0.042188 0.031481
0 0.372135 0.509722 0.031771 0.059259
0 0.366667 0.562037 0.022396 0.040741
0 0.365234 0.617130 0.024740 0.041667
0 0.523698 0.355787 0.028125 0.075463
0 0.368359 0.658796 0.021094 0.042593
0 0.365234 0.709028 0.036198 0.052315
0 0.361458 0.780787 0.038021 0.051389
0 0.359115 0.843287 0.031771 0.053241
0 0.354167 0.900694 0.037500 0.062500
0 0.358854 0.960880 0.049479 0.056944
0 0.527865 0.203009 0.016667 0.042130
0 0.583464 0.687269 0.015365 0.059722
0 0.568229 0.873380 0.014583 0.029167
0 0.524740 0.270833 0.016667 0.035185
0 0.587240 0.200000 0.033333 0.066667
0 0.510938 0.502315 0.012500 0.039815
0 0.580599 0.585417 0.027344 0.029167
