0 0.398698 0.253241 0.043229 0.037963
0 0.521615 0.245370 0.016146 0.031481
0 0.520443 0.306019 0.017448 0.039815
0 0.519922 0.379630 0.028906 0.075926
0 0.392448 0.362269 0.037500 0.033796
0 0.392448 0.420602 0.036979 0.035648
0 0.384896 0.467593 0.034375 0.030556
0 0.382943 0.518519 0.026823 0.056481
0 0.378516 0.564120 0.015885 0.037500
0 0.377865 0.615741 0.020833 0.039815
0 0.379297 0.655556 0.023698 0.036111
0 0.381120 0.697685 0.025781 0.048148
0 0.373568 0.760417 0.031510 0.048611
0 0.371094 0.819907 0.030729 0.041667
0 0.366797 0.869444 0.032552 0.055556
0 0.371875 0.922685 0.037500 0.051852
0 0.507943 0.510185 0.013802 0.037037
0 0.570964 0.672222 0.016406 0.062037
0 0.568750 0.587731 0.026562 0.020833
0 0.575391 0.243519 0.033073 0.055556
0 0.557422 0.843519 0.015885 0.025926
0 0.399089 0.009954 0.025781 0.018981
