0 0.403906 0.268750 0.043229 0.035648
0 0.404557 0.028472 0.024219 0.027315
0 0.398438 0.372917 0.041667 0.033796
0 0.399740 0.427083 0.043750 0.035648
0 0.387630 0.475463 0.046615 0.029630
0 0.388802 0.525463 0.027083 0.057407
0 0.381380 0.568519 0.023698 0.034259
0 0.383724 0.614815 0.019531 0.046296
0 0.381380 0.654167 0.029948 0.035185
0 0.383984 0.698148 0.029427 0.049074
0 0.377214 0.757870 0.035156 0.046296
0 0.375130 0.813657 0.032031 0.039352
0 0.372266 0.861343 0.034115 0.058796
0 0.375391 0.913194 0.040885 0.046759
0 0.521484 0.260185 0.019531 0.037037
0 0.518359 0.318750 0.021615 0.036574
0 0.518880 0.389583 0.027344 0.066204
0 0.574609 0.260880 0.029948 0.058796
0 0.507031 0.516898 0.014583 0.035648
0 0.565625 0.590509 0.025000 0.021759
0 0.565495 0.669444 0.019531 0.055556
0 0.555339 0.836806 0.013281 0.024537
