0 0.406380 0.025231 0.025781 0.024537
0 0.403646 0.264352 0.039062 0.035185
0 0.397656 0.367593 0.032813 0.030556
0 0.400130 0.421296 0.041406 0.030556
0 0.390625 0.467130 0.033333 0.029630
0 0.388411 0.518056 0.028385 0.054630
0 0.520443 0.257176 0.015885 0.033796
0 0.519401 0.314815 0.011198 0.031481
0 0.518229 0.384954 0.027604 0.063426
0 0.385417 0.559028 0.013021 0.036574
0 0.385417 0.606944 0.019792 0.036111
0 0.386328 0.643981 0.020052 0.033333
0 0.385026 0.686574 0.033073 0.045370
0 0.380078 0.745833 0.033073 0.044444
0 0.378385 0.800463 0.025521 0.039815
0 0.373828 0.848843 0.029427 0.054167
0 0.378906 0.900926 0.040104 0.050926
0 0.507943 0.510417 0.012240 0.031019
0 0.555599 0.825694 0.009115 0.023611
0 0.566667 0.583333 0.026562 0.016667
0 0.567708 0.663194 0.013021 0.045833
0 0.573568 0.253472 0.026823 0.052315
