0 0.403125 0.016898 0.022396 0.028241
0 0.401953 0.255556 0.037240 0.032407
0 0.395182 0.358796 0.028385 0.026852
0 0.397135 0.414352 0.036458 0.041667
0 0.387891 0.460185 0.032031 0.032407
0 0.388151 0.509954 0.026302 0.050463
0 0.381901 0.552546 0.017969 0.032870
0 0.383073 0.599074 0.022396 0.044444
0 0.383203 0.634954 0.023177 0.043981
0 0.384375 0.679167 0.031250 0.051852
0 0.376563 0.739815 0.035417 0.043519
0 0.373568 0.792824 0.032552 0.040278
0 0.371875 0.841204 0.039583 0.053704
0 0.375130 0.892130 0.038802 0.050000
0 0.553646 0.815509 0.013021 0.019907
0 0.564193 0.655324 0.018490 0.058796
0 0.564844 0.577778 0.024479 0.018519
0 0.516536 0.378009 0.022656 0.064352
0 0.521224 0.250694 0.018490 0.036574
0 0.517969 0.306713 0.017188 0.034722
0 0.504818 0.502315 0.010677 0.025000
0 0.572135 0.247454 0.028125 0.059722
