0 0.405599 0.020370 0.021094 0.017593
0 0.401693 0.258102 0.030990 0.032870
0 0.388021 0.362037 0.010937 0.026852
0 0.398177 0.419676 0.034375 0.030093
0 0.389844 0.462963 0.029167 0.024074
0 0.387760 0.508796 0.019271 0.042593
0 0.383333 0.549537 0.012500 0.021296
0 0.383333 0.598611 0.018229 0.025000
0 0.383333 0.639120 0.015104 0.028241
0 0.384245 0.680787 0.021094 0.042130
0 0.516797 0.378935 0.027865 0.055093
0 0.518359 0.307407 0.015885 0.038889
0 0.520312 0.248148 0.020313 0.037963
0 0.380339 0.741898 0.028906 0.043981
0 0.376172 0.793056 0.026823 0.037037
0 0.372135 0.842593 0.028125 0.053704
0 0.376953 0.893287 0.035677 0.039352
