0 0.402734 0.023148 0.021615 0.025000
0 0.402083 0.260417 0.038542 0.034722
0 0.396094 0.362269 0.029687 0.030093
0 0.519531 0.252083 0.017708 0.036574
0 0.571484 0.252315 0.025260 0.056481
0 0.396615 0.415741 0.035937 0.031481
0 0.389974 0.459954 0.037760 0.032870
0 0.385547 0.513657 0.027344 0.050463
0 0.382292 0.553704 0.014583 0.032407
0 0.382422 0.601852 0.021094 0.038889
0 0.382943 0.635417 0.022135 0.038426
0 0.383724 0.680556 0.025260 0.046296
0 0.377083 0.738426 0.033854 0.046296
0 0.374740 0.792824 0.030208 0.040278
0 0.371745 0.842130 0.033594 0.054630
0 0.375521 0.892824 0.040625 0.049537
0 0.518620 0.309722 0.016406 0.037037
0 0.515234 0.381019 0.025781 0.067593
0 0.504687 0.504167 0.009896 0.027778
0 0.564323 0.576157 0.020313 0.025463
0 0.563672 0.655324 0.018490 0.061574
0 0.552734 0.817824 0.014323 0.026389
