0 0.401302 0.261343 0.040104 0.038426
0 0.404427 0.026620 0.022917 0.027315
0 0.394271 0.365741 0.026562 0.029630
0 0.395313 0.419213 0.038021 0.032870
0 0.388932 0.463194 0.034115 0.033796
0 0.387760 0.514583 0.027604 0.052315
0 0.382552 0.558102 0.017188 0.033796
0 0.383333 0.602083 0.025000 0.037500
0 0.386068 0.641204 0.021094 0.035185
0 0.382552 0.684028 0.027604 0.045833
0 0.378906 0.743519 0.030208 0.046296
0 0.377604 0.798843 0.030729 0.038426
0 0.372266 0.847222 0.029948 0.053704
0 0.376563 0.895139 0.035417 0.050463
0 0.517057 0.254398 0.017448 0.032870
0 0.516667 0.313657 0.018229 0.030093
0 0.514323 0.384722 0.025000 0.062963
0 0.505469 0.505556 0.011979 0.025000
0 0.563802 0.581019 0.021875 0.022222
0 0.563932 0.658796 0.016406 0.053704
0 0.552995 0.822917 0.011198 0.024537
