0 0.407422 0.029861 0.027865 0.029167
0 0.403385 0.266898 0.033854 0.033796
0 0.520964 0.254630 0.016927 0.041667
0 0.517448 0.318750 0.020833 0.031944
0 0.517188 0.388657 0.026042 0.068981
0 0.573958 0.261574 0.028646 0.050000
0 0.398307 0.370370 0.031510 0.034259
0 0.399219 0.424074 0.039583 0.030556
0 0.393099 0.468519 0.033594 0.031481
0 0.388281 0.519444 0.028125 0.050926
0 0.383984 0.560648 0.016406 0.038889
0 0.384505 0.608565 0.022135 0.032870
0 0.386068 0.645370 0.019531 0.037037
0 0.386849 0.689120 0.025260 0.043981
0 0.380469 0.748611 0.032292 0.043519
0 0.378125 0.803009 0.027604 0.035648
0 0.373307 0.851157 0.032031 0.056019
0 0.377995 0.902315 0.033073 0.052778
0 0.506120 0.512269 0.011198 0.027315
0 0.566146 0.586343 0.021875 0.021759
0 0.565495 0.666435 0.015365 0.047685
