0 0.404818 0.031944 0.023698 0.025000
0 0.403776 0.269907 0.035156 0.029630
0 0.394661 0.372222 0.027344 0.027778
0 0.399479 0.426852 0.036979 0.031481
0 0.389583 0.470833 0.035417 0.030556
0 0.388932 0.519676 0.027344 0.055093
0 0.382552 0.563657 0.018750 0.035648
0 0.382943 0.612269 0.024740 0.037500
0 0.383724 0.645139 0.027865 0.035648
0 0.385286 0.687731 0.026823 0.050463
0 0.377865 0.750231 0.030729 0.043981
0 0.377083 0.803704 0.025000 0.036111
0 0.373307 0.850231 0.032031 0.055093
0 0.377734 0.900926 0.040365 0.049074
0 0.522005 0.261343 0.019010 0.035648
0 0.518359 0.317130 0.019531 0.030556
0 0.516797 0.388657 0.027344 0.068981
0 0.505339 0.515278 0.013281 0.033333
0 0.554557 0.827778 0.012760 0.019444
0 0.565885 0.585185 0.021354 0.020370
0 0.566536 0.672917 0.014844 0.024537
