0 0.404427 0.029398 0.022396 0.029167
0 0.402474 0.266667 0.033594 0.035185
0 0.397135 0.368981 0.034375 0.039815
0 0.398568 0.422685 0.036719 0.033333
0 0.390885 0.470370 0.032813 0.031481
0 0.389323 0.521065 0.023958 0.047685
0 0.383594 0.561111 0.018750 0.032407
0 0.382943 0.607870 0.019010 0.039815
0 0.385677 0.644213 0.022917 0.034722
0 0.385547 0.686111 0.024740 0.045370
0 0.378385 0.747222 0.030208 0.046296
0 0.377474 0.801389 0.029948 0.040741
0 0.373958 0.848380 0.028646 0.051389
0 0.375130 0.897685 0.035677 0.051852
0 0.552995 0.824306 0.013281 0.027315
0 0.518620 0.262037 0.016927 0.038889
0 0.517057 0.315972 0.015885 0.032870
0 0.517448 0.390046 0.026042 0.067130
0 0.505599 0.511111 0.014323 0.034259
0 0.563021 0.584259 0.025521 0.026852
0 0.563932 0.657176 0.014323 0.051389
0 0.568359 0.257176 0.026823 0.058796
