0 0.406901 0.033565 0.022656 0.025463
0 0.404036 0.269213 0.038281 0.033796
0 0.400781 0.372917 0.038542 0.028241
0 0.398047 0.425231 0.037240 0.034722
0 0.391406 0.467824 0.032292 0.030093
0 0.389844 0.520833 0.028125 0.049074
0 0.385547 0.562269 0.017969 0.037500
0 0.385026 0.612731 0.024219 0.042130
0 0.387500 0.647454 0.018750 0.032870
0 0.386328 0.687963 0.027344 0.046296
0 0.380729 0.746296 0.030208 0.045370
0 0.379167 0.800231 0.026562 0.037500
0 0.375391 0.849306 0.031510 0.051389
0 0.378516 0.896991 0.032552 0.054167
0 0.554427 0.825231 0.013021 0.020833
0 0.520312 0.260185 0.017188 0.038889
0 0.518099 0.321296 0.015885 0.035185
0 0.516536 0.387963 0.028385 0.065741
0 0.506771 0.510880 0.009896 0.026389
0 0.564583 0.584954 0.025000 0.020833
0 0.566146 0.661574 0.014583 0.067593
