0 0.560286 0.825000 0.012760 0.017593
0 0.407682 0.032407 0.025781 0.027778
0 0.406120 0.268519 0.030469 0.031481
0 0.522917 0.261574 0.022396 0.031481
0 0.520182 0.321065 0.017969 0.028241
0 0.519141 0.389583 0.024740 0.066204
0 0.401172 0.370602 0.034115 0.029167
0 0.402865 0.423611 0.035417 0.029630
0 0.395703 0.469907 0.030990 0.029630
0 0.391536 0.521065 0.029427 0.048611
0 0.387891 0.561806 0.020052 0.038426
0 0.387760 0.606250 0.021875 0.043056
0 0.390755 0.643519 0.016406 0.040741
0 0.387760 0.687037 0.030208 0.048148
0 0.383464 0.747454 0.030990 0.045833
0 0.382943 0.802546 0.027344 0.037500
0 0.376823 0.846991 0.032813 0.056019
0 0.384245 0.897685 0.037240 0.052778
0 0.569141 0.662731 0.015885 0.059722
