0 0.409375 0.034722 0.024479 0.027778
0 0.408464 0.270370 0.039844 0.032407
0 0.525911 0.260417 0.023698 0.034722
0 0.577474 0.259954 0.029948 0.056944
0 0.401562 0.372685 0.028646 0.030556
0 0.403125 0.425926 0.034896 0.035185
0 0.397526 0.471065 0.029948 0.031019
0 0.394922 0.535185 0.027865 0.086111
0 0.390495 0.607639 0.021094 0.042130
0 0.390234 0.646759 0.022656 0.033333
0 0.392578 0.690741 0.029948 0.042593
0 0.384635 0.743519 0.030729 0.042593
0 0.383333 0.800000 0.029687 0.043519
0 0.380599 0.849769 0.031510 0.056019
0 0.383724 0.899769 0.040885 0.048611
0 0.523828 0.318750 0.019531 0.036574
0 0.522396 0.388657 0.026042 0.072685
0 0.510677 0.513194 0.015104 0.027315
0 0.569401 0.585880 0.024219 0.023611
0 0.570833 0.662500 0.016146 0.065741
0 0.560807 0.825926 0.012760 0.017593
