0 0.409766 0.030093 0.028906 0.031481
0 0.406120 0.265046 0.038281 0.041204
0 0.393880 0.368750 0.015885 0.029167
0 0.402214 0.424537 0.031510 0.030556
0 0.525130 0.256944 0.024219 0.034259
0 0.520443 0.314583 0.015365 0.031944
0 0.575000 0.258102 0.025000 0.056019
0 0.518750 0.386343 0.028125 0.068056
0 0.394922 0.465741 0.029948 0.031481
0 0.391927 0.514583 0.030208 0.051389
0 0.389844 0.558333 0.016146 0.033333
0 0.386849 0.601852 0.024740 0.042593
0 0.389844 0.639583 0.022396 0.035648
0 0.389583 0.680556 0.026562 0.052778
0 0.382943 0.742130 0.032031 0.044444
0 0.384115 0.797917 0.025000 0.034722
0 0.378776 0.842593 0.033073 0.052778
0 0.382552 0.892593 0.035937 0.054630
0 0.568490 0.580093 0.021875 0.025926
0 0.569401 0.662500 0.014323 0.054630
0 0.557422 0.821528 0.009635 0.023611
