0 0.410938 0.031481 0.023438 0.028704
0 0.406641 0.267130 0.034635 0.033333
0 0.401302 0.369676 0.039062 0.032870
0 0.402083 0.424074 0.033854 0.032407
0 0.397526 0.468287 0.032031 0.031944
0 0.392839 0.518056 0.028385 0.053704
0 0.389062 0.560880 0.017708 0.039352
0 0.389844 0.608796 0.023438 0.044444
0 0.390755 0.644213 0.019531 0.031019
0 0.391667 0.685880 0.027083 0.048611
0 0.383984 0.745602 0.030990 0.046759
0 0.384505 0.802315 0.025260 0.037037
0 0.377995 0.846296 0.028906 0.053704
0 0.383594 0.897917 0.034896 0.049537
0 0.524870 0.259028 0.017969 0.034722
0 0.521354 0.385880 0.030729 0.068981
0 0.522266 0.317361 0.019010 0.036574
0 0.568880 0.581944 0.022135 0.024074
0 0.509896 0.509259 0.010937 0.034259
0 0.570182 0.660880 0.013281 0.058796
0 0.573958 0.256250 0.029687 0.053241
