0 0.407292 0.030787 0.030729 0.026389
0 0.405729 0.267824 0.038542 0.033796
0 0.401172 0.369676 0.032031 0.031944
0 0.399870 0.425694 0.036198 0.032870
0 0.396224 0.468287 0.032552 0.031019
0 0.390755 0.518981 0.025781 0.056481
0 0.387630 0.564352 0.012760 0.041667
0 0.386458 0.608565 0.022917 0.042130
0 0.389714 0.647222 0.019531 0.036111
0 0.389583 0.688194 0.026562 0.049537
0 0.382031 0.748148 0.033854 0.049074
0 0.382682 0.805324 0.033073 0.039352
0 0.377214 0.850463 0.033594 0.054630
0 0.381380 0.901389 0.037760 0.050926
0 0.521745 0.262037 0.017969 0.040741
0 0.520964 0.319213 0.014844 0.034722
0 0.517708 0.389120 0.025000 0.063426
0 0.508724 0.514120 0.008073 0.027315
0 0.567318 0.586343 0.024219 0.021759
0 0.567708 0.665741 0.016146 0.048148
0 0.556510 0.825000 0.008854 0.025926
