0 0.405729 0.034954 0.029167 0.031944
0 0.404818 0.272222 0.036719 0.034259
0 0.396615 0.374769 0.032813 0.033796
0 0.400391 0.431019 0.037760 0.035185
0 0.391276 0.476620 0.038802 0.027315
0 0.388021 0.521065 0.027604 0.054167
0 0.385937 0.564815 0.017188 0.041667
0 0.385286 0.612037 0.020573 0.039815
0 0.385937 0.648380 0.028125 0.044907
0 0.386068 0.691204 0.029948 0.049074
0 0.382031 0.753472 0.033854 0.049537
0 0.380078 0.807870 0.028385 0.039815
0 0.374740 0.856019 0.031771 0.056481
0 0.379948 0.906944 0.037500 0.050000
0 0.521615 0.265509 0.020313 0.046759
0 0.518620 0.325926 0.019531 0.033333
0 0.517969 0.393287 0.025000 0.068981
0 0.506901 0.518056 0.016927 0.046296
0 0.568750 0.670602 0.015104 0.056944
0 0.564714 0.589352 0.024219 0.021296
0 0.571484 0.264583 0.029427 0.052315
