0 0.403125 0.272685 0.036458 0.036111
0 0.399219 0.377083 0.037500 0.029167
0 0.400000 0.430556 0.033333 0.034259
0 0.390495 0.474769 0.039323 0.031944
0 0.390495 0.527315 0.034635 0.052778
0 0.385156 0.569676 0.020313 0.036574
0 0.385807 0.615278 0.021094 0.041667
0 0.385417 0.650000 0.029687 0.039815
0 0.385156 0.692130 0.036458 0.052778
0 0.380990 0.751852 0.038021 0.045370
0 0.377214 0.806713 0.030469 0.037500
0 0.375130 0.855093 0.028385 0.054630
0 0.380469 0.906250 0.041146 0.052315
0 0.521615 0.266898 0.020833 0.043981
0 0.518750 0.324306 0.014583 0.033796
0 0.518359 0.392593 0.032031 0.073148
0 0.507943 0.518750 0.011719 0.031019
0 0.563542 0.588194 0.023438 0.028241
0 0.566667 0.670139 0.017708 0.056019
0 0.406250 0.036806 0.030208 0.031019
0 0.554557 0.831250 0.013281 0.026389
