0 0.379036 0.905556 0.037240 0.054630
0 0.373307 0.852083 0.038281 0.055093
0 0.378255 0.807176 0.034115 0.047685
0 0.381901 0.752083 0.032031 0.050463
0 0.387370 0.693750 0.030990 0.051389
0 0.386979 0.650926 0.026042 0.037963
0 0.384635 0.614120 0.022396 0.044907
0 0.385417 0.568750 0.015625 0.033796
0 0.389323 0.524537 0.028125 0.050926
0 0.505078 0.518056 0.016927 0.032407
0 0.387109 0.475694 0.021615 0.029167
0 0.400781 0.433333 0.036979 0.033333
0 0.399349 0.376620 0.033073 0.032870
0 0.402995 0.275463 0.034635 0.037963
0 0.405078 0.039815 0.023177 0.028704
0 0.517839 0.395370 0.028385 0.069444
0 0.519271 0.326157 0.017708 0.034722
0 0.520964 0.267361 0.019010 0.038426
0 0.566536 0.675463 0.015885 0.046296
0 0.564193 0.588426 0.024740 0.022222
