0 0.406250 0.037500 0.025521 0.026852
0 0.404557 0.274074 0.040885 0.037963
0 0.400260 0.376620 0.038021 0.037500
0 0.399609 0.428704 0.036719 0.035185
0 0.386068 0.474306 0.022135 0.031019
0 0.521615 0.265509 0.020833 0.036574
0 0.517969 0.323148 0.015625 0.035185
0 0.517708 0.391435 0.025000 0.068056
0 0.389844 0.523611 0.028646 0.051852
0 0.385547 0.562037 0.017448 0.025000
0 0.386068 0.610880 0.021615 0.042130
0 0.388151 0.650000 0.019010 0.036111
0 0.385156 0.692593 0.030729 0.046296
0 0.379818 0.750926 0.030990 0.044444
0 0.379557 0.804630 0.026823 0.039815
0 0.374479 0.854167 0.037500 0.050000
0 0.381380 0.903009 0.040885 0.054167
0 0.506120 0.513889 0.010156 0.029630
0 0.563672 0.587037 0.023698 0.028704
0 0.566536 0.665278 0.012240 0.062037
0 0.553776 0.022222 0.008073 0.015741
