0 0.406380 0.034722 0.026302 0.031481
0 0.403776 0.270139 0.035677 0.031944
0 0.395443 0.370139 0.021615 0.033796
0 0.399219 0.424537 0.039583 0.035185
0 0.391667 0.468519 0.032292 0.030556
0 0.390104 0.517361 0.029687 0.045833
0 0.385677 0.558565 0.015104 0.039352
0 0.385677 0.606481 0.021354 0.038889
0 0.387240 0.643981 0.027604 0.033333
0 0.386198 0.684954 0.026562 0.047685
0 0.379818 0.744213 0.029948 0.045833
0 0.379167 0.798148 0.026562 0.037963
0 0.376302 0.845833 0.028646 0.055556
0 0.381250 0.895602 0.043229 0.049537
0 0.518880 0.259722 0.019010 0.043519
0 0.517448 0.316204 0.016667 0.029630
0 0.515495 0.385880 0.025260 0.068981
0 0.505599 0.510648 0.010156 0.035185
0 0.564323 0.584954 0.021875 0.021759
0 0.564323 0.658333 0.015104 0.056481
