0 0.407292 0.026389 0.025521 0.026852
0 0.404557 0.262731 0.040885 0.040278
0 0.399479 0.367361 0.033854 0.031944
0 0.398958 0.421991 0.035417 0.035648
0 0.390104 0.466435 0.036458 0.031019
0 0.390365 0.535185 0.030208 0.087963
0 0.387500 0.625000 0.026042 0.075000
0 0.386979 0.686574 0.032813 0.047222
0 0.380990 0.746296 0.033333 0.044444
0 0.381120 0.799074 0.026302 0.045370
0 0.377214 0.848148 0.033594 0.054630
0 0.380729 0.901389 0.034896 0.058333
0 0.522396 0.256019 0.018750 0.040741
0 0.518750 0.314583 0.021354 0.039352
0 0.516146 0.383333 0.026562 0.075000
0 0.507812 0.509028 0.011458 0.037500
0 0.571354 0.258333 0.027604 0.057407
0 0.566536 0.580787 0.024740 0.027315
