0 0.395182 0.235880 0.037760 0.042130
0 0.387240 0.347454 0.032813 0.031019
0 0.389714 0.406250 0.037240 0.034722
0 0.379036 0.454630 0.040885 0.032407
0 0.380208 0.510417 0.030729 0.056019
0 0.375521 0.553241 0.016146 0.039815
0 0.373698 0.604861 0.020833 0.050463
0 0.377734 0.646528 0.020573 0.038426
0 0.377604 0.692593 0.028646 0.047222
0 0.370182 0.757870 0.032552 0.054630
0 0.369141 0.812963 0.029427 0.050000
0 0.363802 0.870602 0.038021 0.057870
0 0.370182 0.924537 0.041927 0.050926
0 0.521615 0.227546 0.022917 0.051389
0 0.521094 0.287269 0.014583 0.043056
0 0.522396 0.366667 0.034375 0.075926
0 0.508073 0.499306 0.008854 0.043056
0 0.575651 0.225694 0.025781 0.054167
0 0.572526 0.667361 0.017448 0.061574
0 0.569141 0.578935 0.022656 0.029167
