0 0.383724 0.193981 0.044531 0.045370
0 0.376823 0.319213 0.042188 0.034722
0 0.525781 0.184491 0.020833 0.047685
0 0.519531 0.340741 0.030729 0.079630
0 0.519531 0.256019 0.022396 0.045370
0 0.507031 0.488426 0.018750 0.050000
0 0.380990 0.383333 0.048958 0.043519
0 0.370052 0.437037 0.043229 0.043519
0 0.369271 0.494907 0.034375 0.063889
0 0.361328 0.548611 0.030990 0.037037
0 0.364193 0.602315 0.030469 0.053704
0 0.362760 0.646296 0.043750 0.040741
0 0.365104 0.694444 0.036979 0.059259
0 0.358854 0.766898 0.042708 0.061574
0 0.356901 0.833333 0.037240 0.038889
0 0.353125 0.886111 0.042708 0.066667
0 0.357943 0.945602 0.049740 0.055093
0 0.579427 0.665046 0.015625 0.067130
0 0.576432 0.572222 0.025781 0.028704
