0 0.375781 0.172222 0.046354 0.043519
0 0.369271 0.303704 0.040104 0.029630
0 0.370964 0.372685 0.049740 0.037037
0 0.358594 0.426852 0.050000 0.041667
0 0.357812 0.489583 0.035417 0.066204
0 0.353776 0.543750 0.024740 0.053241
0 0.353125 0.600694 0.026042 0.050463
0 0.355469 0.649074 0.028646 0.043519
0 0.353125 0.699074 0.038021 0.058333
0 0.346875 0.775463 0.039062 0.053704
0 0.347786 0.844444 0.031510 0.046296
0 0.341536 0.904167 0.039323 0.063889
0 0.349870 0.965278 0.049219 0.061111
0 0.526302 0.165046 0.027083 0.044907
0 0.521484 0.237037 0.019531 0.040741
0 0.519922 0.328009 0.037240 0.092130
0 0.506901 0.480787 0.019010 0.050463
0 0.582682 0.671528 0.018490 0.059722
0 0.577995 0.567361 0.028906 0.031944
