0 0.374609 0.163889 0.048698 0.048148
0 0.366276 0.299306 0.041406 0.038426
0 0.367057 0.372685 0.042969 0.037963
0 0.357943 0.429861 0.041406 0.035648
0 0.355078 0.497454 0.036719 0.068981
0 0.348828 0.553472 0.022135 0.050463
0 0.349219 0.615741 0.030208 0.055556
0 0.353255 0.662037 0.024740 0.047222
0 0.350651 0.715278 0.040885 0.066667
0 0.343490 0.795602 0.043229 0.058796
0 0.342187 0.866898 0.035417 0.054167
0 0.336458 0.926389 0.038021 0.066667
0 0.345964 0.980787 0.053906 0.038426
0 0.571484 0.896528 0.013281 0.029167
0 0.586979 0.687500 0.022396 0.062037
0 0.585677 0.578472 0.031771 0.027315
0 0.522526 0.321759 0.034635 0.090741
0 0.524870 0.230787 0.027344 0.047685
0 0.528906 0.154861 0.029167 0.047685
0 0.594792 0.153935 0.035417 0.072685
0 0.508854 0.486343 0.020313 0.051389
