0 0.364974 0.135648 0.057031 0.051852
0 0.360677 0.279861 0.058333 0.042130
0 0.360026 0.355093 0.052865 0.048148
0 0.347786 0.418287 0.054427 0.043981
0 0.345964 0.487963 0.040885 0.075926
0 0.340495 0.549074 0.022656 0.052778
0 0.339844 0.610185 0.032813 0.058333
0 0.343099 0.660417 0.041406 0.052315
0 0.340625 0.718981 0.053646 0.068519
0 0.333203 0.800694 0.046615 0.068981
0 0.329948 0.880556 0.044271 0.048148
0 0.526563 0.126852 0.027604 0.050000
0 0.525651 0.205093 0.021094 0.057407
0 0.525521 0.304167 0.044792 0.081481
0 0.327344 0.942593 0.039583 0.063889
0 0.329948 0.990278 0.048438 0.019444
0 0.577344 0.908102 0.015104 0.036574
0 0.589844 0.690278 0.026562 0.072222
0 0.599609 0.125694 0.036198 0.060648
0 0.589453 0.574769 0.035677 0.026389
