0 0.361198 0.118750 0.054688 0.050463
0 0.533073 0.108565 0.025000 0.062500
0 0.354167 0.270602 0.047917 0.043981
0 0.357292 0.346065 0.053646 0.050463
0 0.342839 0.412500 0.048698 0.046296
0 0.340495 0.485417 0.044010 0.081019
0 0.335677 0.551852 0.026562 0.054630
0 0.337109 0.617593 0.034115 0.061111
0 0.337500 0.669444 0.033854 0.049074
0 0.338672 0.732407 0.047135 0.072222
0 0.329688 0.816898 0.045833 0.068056
0 0.328646 0.898380 0.045312 0.055093
0 0.322266 0.963889 0.047135 0.072222
0 0.528385 0.190972 0.027083 0.053241
0 0.526953 0.295370 0.042969 0.109259
0 0.511849 0.471065 0.019010 0.045833
0 0.598698 0.694676 0.027083 0.076389
0 0.597526 0.577315 0.036198 0.042593
0 0.607812 0.105787 0.038021 0.076389
