0 0.352865 0.045602 0.055208 0.051389
0 0.345964 0.197685 0.047135 0.044444
0 0.346615 0.276852 0.052083 0.045370
0 0.334766 0.342593 0.050781 0.037963
0 0.333594 0.413889 0.044271 0.081481
0 0.326562 0.479861 0.024479 0.055093
0 0.326042 0.545833 0.029687 0.064815
0 0.328646 0.597454 0.031771 0.048611
0 0.328516 0.655324 0.044010 0.067130
0 0.321484 0.742593 0.051302 0.059259
0 0.319010 0.824769 0.048958 0.055093
0 0.314844 0.887500 0.042708 0.077778
0 0.317708 0.959491 0.058854 0.075463
0 0.518750 0.220370 0.042188 0.099074
0 0.503255 0.403241 0.016927 0.058333
0 0.525130 0.030093 0.024740 0.059259
0 0.517188 0.120139 0.033333 0.047685
0 0.588672 0.626620 0.026302 0.068981
