0 0.339583 0.133333 0.044792 0.044444
0 0.344141 0.213889 0.052865 0.049074
0 0.329688 0.277083 0.055729 0.043056
0 0.329167 0.353009 0.042708 0.072685
0 0.324089 0.417593 0.026823 0.051852
0 0.323698 0.485880 0.029687 0.060648
0 0.325260 0.533796 0.039583 0.052778
0 0.324609 0.593519 0.049219 0.070370
0 0.317578 0.677546 0.050260 0.068056
0 0.314974 0.759954 0.049219 0.061574
0 0.310547 0.825694 0.041406 0.080093
0 0.316276 0.898148 0.057031 0.069444
0 0.516667 0.162269 0.040104 0.102315
0 0.497396 0.337037 0.027604 0.062037
0 0.585677 0.553009 0.022396 0.094907
0 0.570443 0.790278 0.016406 0.039815
