0 0.332422 0.073843 0.038802 0.047685
0 0.339453 0.156481 0.052865 0.041667
0 0.514062 0.102083 0.038021 0.098611
0 0.325260 0.221065 0.055729 0.046759
0 0.324609 0.293750 0.045052 0.077315
0 0.319141 0.358102 0.029427 0.063426
0 0.319792 0.424306 0.032813 0.057870
0 0.323698 0.479167 0.044792 0.057407
0 0.322135 0.537500 0.048958 0.061111
0 0.317057 0.618750 0.055469 0.068056
0 0.313411 0.698843 0.046094 0.059722
0 0.305469 0.764815 0.046875 0.078704
0 0.314583 0.837500 0.059896 0.071296
0 0.583464 0.504630 0.023698 0.081481
0 0.580859 0.389120 0.034115 0.025463
0 0.496484 0.281250 0.013281 0.031944
