0 0.325260 0.009028 0.053646 0.017130
0 0.312240 0.062963 0.046354 0.037963
0 0.312500 0.134491 0.040104 0.075463
0 0.303906 0.202315 0.025000 0.049074
0 0.304167 0.267361 0.037500 0.062500
0 0.304948 0.323380 0.036458 0.048611
0 0.307422 0.382407 0.044010 0.062037
0 0.301432 0.465278 0.050260 0.062963
0 0.299349 0.539583 0.044010 0.056944
0 0.293620 0.610648 0.042969 0.075926
0 0.302474 0.680787 0.067448 0.074537
0 0.474349 0.854630 0.048177 0.035185
0 0.520964 0.859028 0.033594 0.042130
0 0.469401 0.902315 0.058073 0.052778
0 0.465625 0.973380 0.068229 0.053241
0 0.515234 0.940972 0.026302 0.118056
0 0.552865 0.952778 0.057292 0.068519
