0 0.306901 0.030093 0.030469 0.041667
0 0.311198 0.103472 0.040104 0.080093
0 0.306250 0.166667 0.027083 0.055556
0 0.306380 0.233333 0.036198 0.064815
0 0.307943 0.290046 0.033073 0.050463
0 0.309505 0.347222 0.048177 0.063889
0 0.302214 0.430093 0.044531 0.064815
0 0.299089 0.509259 0.048177 0.058333
0 0.293099 0.574769 0.045573 0.071759
0 0.304557 0.647454 0.059635 0.066204
0 0.478385 0.823843 0.043229 0.035648
0 0.469141 0.866435 0.059635 0.056019
0 0.517057 0.826620 0.023698 0.042130
0 0.467057 0.957176 0.064844 0.085648
0 0.520703 0.925694 0.041927 0.146759
0 0.563151 0.923380 0.046615 0.061574
