0 0.307552 0.025000 0.034375 0.042593
0 0.314453 0.098611 0.040885 0.082407
0 0.307292 0.166204 0.026562 0.050926
0 0.307812 0.233565 0.030729 0.063426
0 0.310286 0.289352 0.037760 0.046296
0 0.311458 0.343287 0.039583 0.062500
0 0.304036 0.430556 0.049740 0.062037
0 0.301302 0.505787 0.045833 0.054167
0 0.298438 0.577315 0.045312 0.069444
0 0.303255 0.642361 0.056510 0.063426
0 0.478776 0.821991 0.045052 0.031019
0 0.471875 0.865046 0.056250 0.054167
0 0.467187 0.955324 0.067708 0.084722
0 0.522526 0.823611 0.032031 0.044444
0 0.523307 0.919907 0.040885 0.154630
0 0.565885 0.922454 0.045312 0.056944
0 0.556510 0.541667 0.018229 0.036111
