0 0.309115 0.636343 0.058333 0.063426
0 0.299219 0.565972 0.046354 0.079167
0 0.304167 0.501620 0.045312 0.054167
0 0.304948 0.420139 0.050521 0.068056
0 0.313021 0.336574 0.049479 0.062963
0 0.313802 0.275231 0.038542 0.053241
0 0.309896 0.221528 0.032292 0.063426
0 0.315495 0.122685 0.037240 0.135185
0 0.317839 0.018519 0.046615 0.036111
0 0.481120 0.811343 0.048698 0.035648
0 0.528646 0.816667 0.034896 0.037037
0 0.476042 0.859491 0.058854 0.056019
0 0.470573 0.946296 0.065104 0.082407
0 0.529036 0.913889 0.042969 0.156481
0 0.571354 0.912500 0.042188 0.064815
