0 0.468490 0.752083 0.053125 0.060648
0 0.464323 0.844213 0.066146 0.083796
0 0.475521 0.705787 0.044271 0.033796
0 0.523438 0.714352 0.038542 0.046296
0 0.518099 0.815509 0.039844 0.154167
0 0.557813 0.808333 0.058854 0.062037
0 0.300651 0.534491 0.054948 0.063426
0 0.292057 0.459954 0.043490 0.078241
0 0.293620 0.395370 0.051823 0.048148
0 0.296615 0.318056 0.051042 0.068519
0 0.303516 0.232407 0.046094 0.065741
0 0.304818 0.172685 0.036719 0.053704
0 0.302865 0.117130 0.030729 0.061111
0 0.302734 0.052778 0.024219 0.062037
0 0.305729 0.010648 0.026042 0.020370
