0 0.362240 0.023148 0.022917 0.023148
0 0.336198 0.280787 0.029167 0.031944
0 0.331771 0.484028 0.021875 0.070833
0 0.329297 0.575231 0.020573 0.044907
0 0.325260 0.640972 0.020313 0.034722
0 0.322396 0.727778 0.021354 0.040741
0 0.323307 0.789352 0.019531 0.044444
0 0.491146 0.371296 0.020313 0.036111
0 0.552604 0.411111 0.027604 0.040741
0 0.477344 0.800231 0.043229 0.043056
0 0.485938 0.525463 0.009896 0.138889
1 0.489583 0.953009 0.007292 0.093981
1 0.502214 0.502315 0.008073 0.112963
1 0.508724 0.294444 0.006510 0.053704
