0 0.229167 0.955093 0.062500 0.087037
0 0.313932 0.968750 0.051302 0.044907
0 0.306120 0.734259 0.094531 0.082407
0 0.210547 0.068056 0.052865 0.063889
0 0.280078 0.089120 0.076302 0.065278
0 0.271875 0.019676 0.048958 0.036574
0 0.326432 0.023380 0.034115 0.034722
0 0.314323 0.241667 0.102604 0.089815
0 0.536849 0.414583 0.042969 0.093981
0 0.597917 0.412500 0.043229 0.092593
0 0.592448 0.560648 0.052083 0.079630
0 0.327604 0.473843 0.096875 0.091204
0 0.283333 0.540509 0.022917 0.047685
0 0.357031 0.549769 0.020313 0.060648
