0 0.264062 0.307870 0.071354 0.104630
0 0.333073 0.334259 0.071354 0.100000
0 0.417448 0.615046 0.101042 0.159722
0 0.425911 0.649306 0.057031 0.091204
0 0.421745 0.802315 0.070573 0.134259
0 0.438021 0.803009 0.031250 0.091204
0 0.336849 0.857639 0.063802 0.232870
0 0.272135 0.567824 0.064062 0.125463
0 0.151172 0.586574 0.062240 0.102778
0 0.320443 0.091435 0.099740 0.081019
0 0.512891 0.796528 0.096615 0.086574
0 0.336458 0.608796 0.056250 0.204630
0 0.177214 0.334954 0.053906 0.086574
0 0.180599 0.069213 0.055469 0.137500
