0 0.254036 0.326620 0.066406 0.103241
0 0.329688 0.340972 0.057813 0.101389
0 0.308594 0.106481 0.101562 0.080556
0 0.153255 0.101157 0.027865 0.123611
0 0.411589 0.619907 0.080469 0.185185
0 0.427865 0.639583 0.063021 0.086574
0 0.441927 0.805324 0.036979 0.077315
0 0.422526 0.809722 0.055469 0.146296
0 0.514844 0.797917 0.067187 0.062500
0 0.153646 0.633796 0.073958 0.092593
0 0.173437 0.350463 0.057813 0.073148
0 0.266667 0.585648 0.054688 0.119444
0 0.322005 0.580556 0.037760 0.112037
0 0.344401 0.875463 0.070573 0.200000
