0 0.157422 0.129630 0.029427 0.114815
0 0.314063 0.130324 0.097396 0.077315
0 0.254427 0.346759 0.075521 0.104630
0 0.325911 0.359491 0.062240 0.093981
0 0.170052 0.381019 0.046354 0.065741
0 0.145182 0.639583 0.063802 0.098611
0 0.271745 0.603009 0.054427 0.108796
0 0.323828 0.595370 0.036198 0.087963
0 0.414062 0.642593 0.083854 0.173148
0 0.442708 0.832870 0.031771 0.085185
0 0.419141 0.835185 0.035156 0.119444
0 0.524219 0.828472 0.080729 0.084722
0 0.342578 0.895833 0.070573 0.208333
0 0.427995 0.674537 0.064844 0.085185
1 0.566667 0.035417 0.059896 0.069907
