0 0.251563 0.507407 0.071354 0.102778
1 0.562370 0.071991 0.054427 0.083796
1 0.571094 0.188426 0.058854 0.092593
0 0.307422 0.071296 0.100781 0.141667
0 0.310547 0.296065 0.091406 0.098611
0 0.329036 0.528241 0.076302 0.109259
0 0.416797 0.819444 0.090885 0.180556
0 0.423177 0.851620 0.063021 0.098611
0 0.261849 0.772454 0.061198 0.125463
0 0.320573 0.778241 0.041146 0.119444
0 0.149609 0.809028 0.063802 0.115278
0 0.167318 0.545602 0.053906 0.083796
0 0.337500 0.951852 0.038021 0.096296
0 0.363411 0.945602 0.051302 0.059722
0 0.440104 0.988426 0.051042 0.023148
1 0.525260 0.806019 0.065625 0.061111
