0 0.170052 0.030324 0.070312 0.059722
0 0.216406 0.199074 0.078125 0.122222
0 0.226562 0.467130 0.051042 0.097222
0 0.280729 0.700694 0.138021 0.110648
0 0.214844 0.558333 0.152083 0.100000
0 0.304688 0.478241 0.083333 0.095370
0 0.335417 0.490278 0.028646 0.080556
0 0.513411 0.846528 0.057031 0.093981
0 0.572266 0.831250 0.048698 0.106019
0 0.571484 0.969213 0.059115 0.061574
0 0.283854 0.943750 0.036458 0.112500
0 0.345182 0.953472 0.059115 0.093056
0 0.572656 0.694213 0.047917 0.106019
0 0.296745 0.218981 0.078906 0.073148
